1 9184
what?
1 2599
1 3361
2 6507
1 5204
what?
2 5873
what?
what?
0 681
1 5106
0 2312
2 9342
what?
1 391
what?
0 2336
1 5616
0 7798
what?
0 2948
0 7614
what?
what?
what?
2 8959
1 2077
what?
1 5155
1 2760
2 2852
1 431
what?
0 7326
2 6509
1 3556
what?
0 8053
0 3982
2 4730
0 7330
what?
what?
0 1270
0 3493
2 5480
0 6105
2 5000
what?
what?
what?
what?
2 2900
what?
2 2314
what?
2 7004
what?
0 1844
0 5452
0 5232
1 4037
what?
2 3522
1 8682
0 4287
0 246
what?
what?
what?
0 9426
0 9215
1 2727
what?
what?
1 8847
2 5329
0 6657
2 3238
what?
what?
1 8358
1 8738
what?
2 976
what?
what?
what?
what?
what?
2 9421
2 2801
1 8084
what?
0 6532
1 8254
what?
0 245
0 648
1 3959
what?
0 5448
what?
1 7949
what?
0 9586
what?
1 156
what?
what?
what?
what?
1 4519
what?
what?
what?
what?
0 1891
1 9311
0 2217
what?
what?
0 9973
1 8614
what?
what?
what?
2 7919
1 3084
2 1734
what?
what?
1 1266
0 2679
2 1965
0 1889
0 2039
what?
what?
what?
what?
1 816
1 5769
what?
0 8958
what?
0 7424
2 4818
what?
what?
what?
what?
what?
2 4483
what?
0 9229
what?
what?
what?
2 8506
what?
0 3525
2 3293
what?
what?
what?
1 4559
1 8627
2 529
0 9660
what?
1 6350
what?
what?
1 6567
0 7702
1 9737
1 96
what?
1 7312
what?
1 3025
what?
2 1998
what?
0 2261
0 8576
2 5768
2 3995
what?
0 7265
1 4784
what?
1 8489
0 5214
0 5125
what?
1 3272
what?
0 6267
0 9410
what?
0 76
what?
0 8391
1 5679
2 1613
2 8634
2 4134
0 4414
what?
1 5993
0 4119
1 5110
1 8262
what?
2 9907
what?
0 7104
0 3851
1 9336
what?
0 6620
what?
0 3106
what?
1 5436
0 4862
1 8107
1 2571
1 8169
what?
2 6501
0 5756
1 3180
0 810
0 4327
2 8048
0 608
2 6140
2 5412
0 2504
0 6114
0 361
2 6707
1 3415
2 179
0 6905
0 9186
what?
what?
what?
what?
1 9245
2 1385
what?
2 7514
2 2553
2 5268
1 3765
1 617
what?
1 7261
what?
1 621
2 8705
what?
2 4916
what?
0 6807
0 7107
1 4436
2 7649
what?
what?
what?
what?
0 7716
0 7993
what?
what?
2 5387
0 460
1 7083
0 4501
0 4099
what?
1 8625
what?
what?
what?
what?
1 523
1 5099
what?
what?
1 1330
what?
1 6314
what?
1 7906
2 4652
0 2170
what?
1 1681
0 8727
1 1723
1 9435
1 2284
1 1911
what?
what?
2 1485
what?
1 6988
what?
what?
what?
0 8895
1 1674
0 7757
2 4568
1 4611
0 8409
0 3765
what?
2 5927
what?
what?
1 4358
what?
what?
what?
1 213
0 4694
what?
2 4321
1 9917
what?
what?
2 5823
what?
what?
2 5433
what?
0 4212
1 6237
1 5074
1 9668
0 6210
2 9079
0 9680
what?
0 7800
what?
1 7025
what?
0 7313
what?
what?
1 5967
2 8296
1 317
what?
0 4084
0 739
what?
what?
1 8154
1 9988
what?
0 6840
1 5580
what?
0 9779
1 4991
0 7302
1 2949
0 7005
1 9138
0 8264
what?
what?
what?
1 863
what?
1 4584
1 6783
what?
2 4877
what?
what?
2 8694
1 674
what?
what?
0 1197
0 8985
what?
1 5761
1 9244
what?
1 8757
0 9913
what?
0 978
1 4714
1 3200
0 2089
1 8386
0 1229
2 5235
what?
0 7063
1 6633
what?
0 1744
what?
what?
0 782
what?
2 7955
0 9439
0 884
what?
0 3871
1 1766
what?
1 1097
2 3227
0 3646
0 7949
what?
what?
0 6237
what?
1 772
what?
what?
what?
what?
0 7923
1 9221
1 4752
1 5226
what?
2 3396
what?
0 1101
1 4937
2 4915
what?
2 9867
0 8588
1 8522
what?
1 7497
2 8528
what?
what?
1 7625
2 7157
0 5678
1 2151
0 6486
0 1271
what?
0 1565
0 5222
what?
0 1281
0 4571
what?
2 1654
1 2124
1 3708
2 3684
1 5446
what?
what?
1 2613
1 1876
what?
2 6197
2 9710
what?
0 2580
1 8421
2 9441
what?
1 3222
1 3686
0 3169
what?
1 9327
what?
2 3615
2 4454
0 5075