773230
434298
775206
580146
459145
560171 
39670 
771874 
965425 
811362 
722468 
968934 
721860 
773010 
900795 
13903 
352367 
876475 
901939 
982463 
946620 
605961 
455359 
733026 
253777 
837401 
244714 
363360 
96784 
409007 
135582 
805362 
598790 
509095 
899616 
677894 
913209 
88059 
727271 
287114 
299748 
33613 
521475 
588147 
558946 
295462 
811564 
141945 
317685 
592554 
79331 
751643 
630135 
725406 
746417 
948517 
454971 
445166 
408307 
386635 
145520 
671037 
498148 
897260 
925371 
737043 
709158 
813579 
494619